P_L0 = array([
[0.00283348,6.99359e-06,1.26164e-05,2.23091e-05,3.86673e-05,6.56931e-05,0.000109398,0.000178572,0.000285715,0.00044809,0.00068883,0.00103794,0.00153302,0.0022194,0.00314949,0.00438083,0.00597294,0.0079824,0.0104567,0.0134266,0.0168987,0.0208476,0.02521,0.0298815,0.0347173,0.0395371,0.0441344,0.0482907,0.0517922,0.0544476,0.0561058,0.0566697,0.0561058,0.0544476,0.0517922,0.0482907,0.0441344,0.0395371,0.0347173,0.0298815,0.02521,0.0208476,0.0168987,0.0134266,0.0104567,0.0079824,0.00597294,0.00438083,0.00314949,0.0022194],
[0.00298261,6.99359e-06,1.26164e-05,2.23091e-05,3.86673e-05,6.56931e-05,0.000109398,0.000178572,0.000285715,0.00044809,0.00068883,0.00103794,0.00153302,0.0022194,0.00314949,0.00438083,0.00597294,0.0079824,0.0104567,0.0134266,0.0168987,0.0208476,0.02521,0.0298815,0.0347173,0.0395371,0.0441344,0.0482907,0.0517922,0.0544476,0.0561058,0.0566697,0.0561058,0.0544476,0.0517922,0.0482907,0.0441344,0.0395371,0.0347173,0.0298815,0.02521,0.0208476,0.0168987,0.0134266,0.0104567,0.0079824,0.00597294,0.00438083,0.00314949,0.0022194],
[0.00314831,6.99359e-06,1.26164e-05,2.23091e-05,3.86673e-05,6.56931e-05,0.000109398,0.000178572,0.000285715,0.00044809,0.00068883,0.00103794,0.00153302,0.0022194,0.00314949,0.00438083,0.00597294,0.0079824,0.0104567,0.0134266,0.0168987,0.0208476,0.02521,0.0298815,0.0347173,0.0395371,0.0441344,0.0482907,0.0517922,0.0544476,0.0561058,0.0566697,0.0561058,0.0544476,0.0517922,0.0482907,0.0441344,0.0395371,0.0347173,0.0298815,0.02521,0.0208476,0.0168987,0.0134266,0.0104567,0.0079824,0.00597294,0.00438083,0.00314949,0.0022194],
[0.00333351,6.99359e-06,1.26164e-05,2.23091e-05,3.86673e-05,6.56931e-05,0.000109398,0.000178572,0.000285715,0.00044809,0.00068883,0.00103794,0.00153302,0.0022194,0.00314949,0.00438083,0.00597294,0.0079824,0.0104567,0.0134266,0.0168987,0.0208476,0.02521,0.0298815,0.0347173,0.0395371,0.0441344,0.0482907,0.0517922,0.0544476,0.0561058,0.0566697,0.0561058,0.0544476,0.0517922,0.0482907,0.0441344,0.0395371,0.0347173,0.0298815,0.02521,0.0208476,0.0168987,0.0134266,0.0104567,0.0079824,0.00597294,0.00438083,0.00314949,0.0022194],
[0.00354185,6.99359e-06,1.26164e-05,2.23091e-05,3.86673e-05,6.56931e-05,0.000109398,0.000178572,0.000285715,0.00044809,0.00068883,0.00103794,0.00153302,0.0022194,0.00314949,0.00438083,0.00597294,0.0079824,0.0104567,0.0134266,0.0168987,0.0208476,0.02521,0.0298815,0.0347173,0.0395371,0.0441344,0.0482907,0.0517922,0.0544476,0.0561058,0.0566697,0.0561058,0.0544476,0.0517922,0.0482907,0.0441344,0.0395371,0.0347173,0.0298815,0.02521,0.0208476,0.0168987,0.0134266,0.0104567,0.0079824,0.00597294,0.00438083,0.00314949,0.0022194],
[0.00377798,6.99359e-06,1.26164e-05,2.23091e-05,3.86673e-05,6.56931e-05,0.000109398,0.000178572,0.000285715,0.00044809,0.00068883,0.00103794,0.00153302,0.0022194,0.00314949,0.00438083,0.00597294,0.0079824,0.0104567,0.0134266,0.0168987,0.0208476,0.02521,0.0298815,0.0347173,0.0395371,0.0441344,0.0482907,0.0517922,0.0544476,0.0561058,0.0566697,0.0561058,0.0544476,0.0517922,0.0482907,0.0441344,0.0395371,0.0347173,0.0298815,0.02521,0.0208476,0.0168987,0.0134266,0.0104567,0.0079824,0.00597294,0.00438083,0.00314949,0.0022194],
[0.00404783,6.99359e-06,1.26164e-05,2.23091e-05,3.86673e-05,6.56931e-05,0.000109398,0.000178572,0.000285715,0.00044809,0.00068883,0.00103794,0.00153302,0.0022194,0.00314949,0.00438083,0.00597294,0.0079824,0.0104567,0.0134266,0.0168987,0.0208476,0.02521,0.0298815,0.0347173,0.0395371,0.0441344,0.0482907,0.0517922,0.0544476,0.0561058,0.0566697,0.0561058,0.0544476,0.0517922,0.0482907,0.0441344,0.0395371,0.0347173,0.0298815,0.02521,0.0208476,0.0168987,0.0134266,0.0104567,0.0079824,0.00597294,0.00438083,0.00314949,0.0022194],
[0.00435921,6.99359e-06,1.26164e-05,2.23091e-05,3.86673e-05,6.56931e-05,0.000109398,0.000178572,0.000285715,0.00044809,0.00068883,0.00103794,0.00153302,0.0022194,0.00314949,0.00438083,0.00597294,0.0079824,0.0104567,0.0134266,0.0168987,0.0208476,0.02521,0.0298815,0.0347173,0.0395371,0.0441344,0.0482907,0.0517922,0.0544476,0.0561058,0.0566697,0.0561058,0.0544476,0.0517922,0.0482907,0.0441344,0.0395371,0.0347173,0.0298815,0.02521,0.0208476,0.0168987,0.0134266,0.0104567,0.0079824,0.00597294,0.00438083,0.00314949,0.0022194],
[0.00472247,6.99359e-06,1.26164e-05,2.23091e-05,3.86673e-05,6.56931e-05,0.000109398,0.000178572,0.000285715,0.00044809,0.00068883,0.00103794,0.00153302,0.0022194,0.00314949,0.00438083,0.00597294,0.0079824,0.0104567,0.0134266,0.0168987,0.0208476,0.02521,0.0298815,0.0347173,0.0395371,0.0441344,0.0482907,0.0517922,0.0544476,0.0561058,0.0566697,0.0561058,0.0544476,0.0517922,0.0482907,0.0441344,0.0395371,0.0347173,0.0298815,0.02521,0.0208476,0.0168987,0.0134266,0.0104567,0.0079824,0.00597294,0.00438083,0.00314949,0.0022194],
[0.00515179,6.99359e-06,1.26164e-05,2.23091e-05,3.86673e-05,6.56931e-05,0.000109398,0.000178572,0.000285715,0.00044809,0.00068883,0.00103794,0.00153302,0.0022194,0.00314949,0.00438083,0.00597294,0.0079824,0.0104567,0.0134266,0.0168987,0.0208476,0.02521,0.0298815,0.0347173,0.0395371,0.0441344,0.0482907,0.0517922,0.0544476,0.0561058,0.0566697,0.0561058,0.0544476,0.0517922,0.0482907,0.0441344,0.0395371,0.0347173,0.0298815,0.02521,0.0208476,0.0168987,0.0134266,0.0104567,0.0079824,0.00597294,0.00438083,0.00314949,0.0022194],
[0.00566697,6.99359e-06,1.26164e-05,2.23091e-05,3.86673e-05,6.56931e-05,0.000109398,0.000178572,0.000285715,0.00044809,0.00068883,0.00103794,0.00153302,0.0022194,0.00314949,0.00438083,0.00597294,0.0079824,0.0104567,0.0134266,0.0168987,0.0208476,0.02521,0.0298815,0.0347173,0.0395371,0.0441344,0.0482907,0.0517922,0.0544476,0.0561058,0.0566697,0.0561058,0.0544476,0.0517922,0.0482907,0.0441344,0.0395371,0.0347173,0.0298815,0.02521,0.0208476,0.0168987,0.0134266,0.0104567,0.0079824,0.00597294,0.00438083,0.00314949,0.0022194],
[0.00629663,6.99359e-06,1.26164e-05,2.23091e-05,3.86673e-05,6.56931e-05,0.000109398,0.000178572,0.000285715,0.00044809,0.00068883,0.00103794,0.00153302,0.0022194,0.00314949,0.00438083,0.00597294,0.0079824,0.0104567,0.0134266,0.0168987,0.0208476,0.02521,0.0298815,0.0347173,0.0395371,0.0441344,0.0482907,0.0517922,0.0544476,0.0561058,0.0566697,0.0561058,0.0544476,0.0517922,0.0482907,0.0441344,0.0395371,0.0347173,0.0298815,0.02521,0.0208476,0.0168987,0.0134266,0.0104567,0.0079824,0.00597294,0.00438083,0.00314949,0.0022194],
[0.00708371,6.99359e-06,1.26164e-05,2.23091e-05,3.86673e-05,6.56931e-05,0.000109398,0.000178572,0.000285715,0.00044809,0.00068883,0.00103794,0.00153302,0.0022194,0.00314949,0.00438083,0.00597294,0.0079824,0.0104567,0.0134266,0.0168987,0.0208476,0.02521,0.0298815,0.0347173,0.0395371,0.0441344,0.0482907,0.0517922,0.0544476,0.0561058,0.0566697,0.0561058,0.0544476,0.0517922,0.0482907,0.0441344,0.0395371,0.0347173,0.0298815,0.02521,0.0208476,0.0168987,0.0134266,0.0104567,0.0079824,0.00597294,0.00438083,0.00314949,0.0022194],
[0.00809567,6.99359e-06,1.26164e-05,2.23091e-05,3.86673e-05,6.56931e-05,0.000109398,0.000178572,0.000285715,0.00044809,0.00068883,0.00103794,0.00153302,0.0022194,0.00314949,0.00438083,0.00597294,0.0079824,0.0104567,0.0134266,0.0168987,0.0208476,0.02521,0.0298815,0.0347173,0.0395371,0.0441344,0.0482907,0.0517922,0.0544476,0.0561058,0.0566697,0.0561058,0.0544476,0.0517922,0.0482907,0.0441344,0.0395371,0.0347173,0.0298815,0.02521,0.0208476,0.0168987,0.0134266,0.0104567,0.0079824,0.00597294,0.00438083,0.00314949,0.0022194],
[0.00944494,6.99359e-06,1.26164e-05,2.23091e-05,3.86673e-05,6.56931e-05,0.000109398,0.000178572,0.000285715,0.00044809,0.00068883,0.00103794,0.00153302,0.0022194,0.00314949,0.00438083,0.00597294,0.0079824,0.0104567,0.0134266,0.0168987,0.0208476,0.02521,0.0298815,0.0347173,0.0395371,0.0441344,0.0482907,0.0517922,0.0544476,0.0561058,0.0566697,0.0561058,0.0544476,0.0517922,0.0482907,0.0441344,0.0395371,0.0347173,0.0298815,0.02521,0.0208476,0.0168987,0.0134266,0.0104567,0.0079824,0.00597294,0.00438083,0.00314949,0.0022194],
[0.0113339,6.99359e-06,1.26164e-05,2.23091e-05,3.86673e-05,6.56931e-05,0.000109398,0.000178572,0.000285715,0.00044809,0.00068883,0.00103794,0.00153302,0.0022194,0.00314949,0.00438083,0.00597294,0.0079824,0.0104567,0.0134266,0.0168987,0.0208476,0.02521,0.0298815,0.0347173,0.0395371,0.0441344,0.0482907,0.0517922,0.0544476,0.0561058,0.0566697,0.0561058,0.0544476,0.0517922,0.0482907,0.0441344,0.0395371,0.0347173,0.0298815,0.02521,0.0208476,0.0168987,0.0134266,0.0104567,0.0079824,0.00597294,0.00438083,0.00314949,0.0022194],
[0.0141674,6.99359e-06,1.26164e-05,2.23091e-05,3.86673e-05,6.56931e-05,0.000109398,0.000178572,0.000285715,0.00044809,0.00068883,0.00103794,0.00153302,0.0022194,0.00314949,0.00438083,0.00597294,0.0079824,0.0104567,0.0134266,0.0168987,0.0208476,0.02521,0.0298815,0.0347173,0.0395371,0.0441344,0.0482907,0.0517922,0.0544476,0.0561058,0.0566697,0.0561058,0.0544476,0.0517922,0.0482907,0.0441344,0.0395371,0.0347173,0.0298815,0.02521,0.0208476,0.0168987,0.0134266,0.0104567,0.0079824,0.00597294,0.00438083,0.00314949,0.0022194],
[0.0188899,6.99359e-06,1.26164e-05,2.23091e-05,3.86673e-05,6.56931e-05,0.000109398,0.000178572,0.000285715,0.00044809,0.00068883,0.00103794,0.00153302,0.0022194,0.00314949,0.00438083,0.00597294,0.0079824,0.0104567,0.0134266,0.0168987,0.0208476,0.02521,0.0298815,0.0347173,0.0395371,0.0441344,0.0482907,0.0517922,0.0544476,0.0561058,0.0566697,0.0561058,0.0544476,0.0517922,0.0482907,0.0441344,0.0395371,0.0347173,0.0298815,0.02521,0.0208476,0.0168987,0.0134266,0.0104567,0.0079824,0.00597294,0.00438083,0.00314949,0.0022194],
[0.0283348,6.99359e-06,1.26164e-05,2.23091e-05,3.86673e-05,6.56931e-05,0.000109398,0.000178572,0.000285715,0.00044809,0.00068883,0.00103794,0.00153302,0.0022194,0.00314949,0.00438083,0.00597294,0.0079824,0.0104567,0.0134266,0.0168987,0.0208476,0.02521,0.0298815,0.0347173,0.0395371,0.0441344,0.0482907,0.0517922,0.0544476,0.0561058,0.0566697,0.0561058,0.0544476,0.0517922,0.0482907,0.0441344,0.0395371,0.0347173,0.0298815,0.02521,0.0208476,0.0168987,0.0134266,0.0104567,0.0079824,0.00597294,0.00438083,0.00314949,0.0022194],
[0.0566697,6.99359e-06,1.26164e-05,2.23091e-05,3.86673e-05,6.56931e-05,0.000109398,0.000178572,0.000285715,0.00044809,0.00068883,0.00103794,0.00153302,0.0022194,0.00314949,0.00438083,0.00597294,0.0079824,0.0104567,0.0134266,0.0168987,0.0208476,0.02521,0.0298815,0.0347173,0.0395371,0.0441344,0.0482907,0.0517922,0.0544476,0.0561058,0.0566697,0.0561058,0.0544476,0.0517922,0.0482907,0.0441344,0.0395371,0.0347173,0.0298815,0.02521,0.0208476,0.0168987,0.0134266,0.0104567,0.0079824,0.00597294,0.00438083,0.00314949,0.0022194]])
